"rodzaj
wojewodz","kolonia
","osada
","osada leśna
","przysiółek
","schronisko turystyczne
","wieś
"
dolnośląskie,0.51,4.69,1.56,0.00,0.86,92.37
kujawsko-pomorskie,4.25,11.28,5.46,0.08,0.00,78.93
lubelskie,12.56,2.29,2.73,0.02,0.00,82.38
lubuskie,3.14,10.43,5.60,0.08,0.08,80.67
mazowieckie,2.01,1.41,4.39,0.47,0.00,91.72
małopolskie,0.71,3.55,1.93,0.15,0.76,92.90
opolskie,2.83,7.98,2.92,0.17,0.00,86.11
podkarpackie,0.30,5.44,2.15,0.24,0.06,91.82
podlaskie,6.97,1.75,4.19,0.13,0.03,86.93
pomorskie,5.88,29.04,5.02,0.07,0.00,59.98
warmińsko-mazurskie,2.95,29.59,5.17,0.49,0.00,61.81
wielkopolskie,2.06,10.97,6.67,0.75,0.00,79.56
zachodniopomorskie,5.32,33.26,3.97,0.07,0.00,57.39
łódzkie,4.82,3.79,2.66,0.12,0.00,88.62
śląskie,3.14,3.07,9.35,0.00,0.54,83.91
świętokrzyskie,4.05,1.55,4.09,0.04,0.00,90.26
